2
23
3
5
4567
67
7
73
7384627
846278959
46278959
2789
2789593
27895937
89
8959373
59
593
937
37
373
2783849
83
849727
49727
97
727
384882893
8488289
88289
882893723
893723
723894959
2389
238949
389
94959827
98272637
982726373
827
263
263737
6373
63737
48487
487
3747847
47
76289
289698473
8969
69847
98473
653
53
37489
7489
4243
43
4357
574635263
463
4635263
635263
63527
3527
5273
2734643
4643
643
62462467
462467
62467
2467
467
4523
523
353
573457
3457
457
213523
13
13523
463537
6353
823
30520367
367
7203857
203857
857
7237
9248693
8693
347
34729
4729
29
294857023
4857023
23509
509
2467243
7243
432452473
45247
2473
6247
62473
7357457
57457
7457
24624623
24623
4623523
5233
233
233735423
337
3373
35423
557
233423
4637
63774577
3774577
774577
745774577
577
577457
4577543
77543
77543413
3413
3413429
41
413429
34297
342976969
4297
9769
769
5465623
5623
45523
46867
787
7829
829
9439
439
43987
9859
859
984329
32957
2957
781432541
81432541
541
5413
3541
131
31
125786239
257
57862397
78623
8623
86239
862397
62397253
239
397
397253
9725347
7253
7253471
725347169
25347169
253471693
5347
71
71693
1693
16938437
938437
98641
8641
641
419
19
197
1973
6508247
2475029
75029
947
4759
2647
647
2649587
9587
587
743
630847927
479
79
7927
7927639
27639587
7639
8650283
283
2837
283745029
83745029
98467
8467
846758027
58027
856249
56249
4957
659
284659
84659
24658027
274805263
2659
98246597
24659
